1	0.036114	0.042172	0.017464	0.0069383	9.1324	10.556	1.084	1.9191
2	0.14194	0.085574	0.10767	0.040251	7.1794	11.931	1.9774	3.488
3	0.087777	0.053456	0.060979	0.024019	5.3836	12.507	1.3933	2.5265
4	0.12616	0.079236	0.093696	0.03478	11.172	11.994	0.79796	1.4039
5	0.066434	0.051595	0.033453	0.01292	21.474	14.636	0.62682	1.0689
6	0.1345	0.080169	0.098522	0.036853	19.229	11.48	0.98028	1.6339
7	0.078403	0.056515	0.057429	0.021907	9.4516	7.8352	0.87628	1.5465
8	0.1057	0.072324	0.080366	0.030426	6.5684	7.9718	1.5023	2.6022
9	0.079609	0.058595	0.057973	0.022215	5.6622	8.3819	1.4504	2.6049
10	0.12835	0.079711	0.099656	0.03741	4.1255	9.4455	2.0652	3.647
11	0.074055	0.055908	0.05345	0.020869	5.1913	10.496	2.8124	5.2605
12	0.10625	0.072434	0.082341	0.033972	4.0285	12.867	5.6101	10.344
13	0.086053	0.060483	0.066726	0.028979	4.7187	10.459	5.1635	9.5104
14	0.11162	0.072695	0.087871	0.036934	3.9693	9.7555	5.566	10.222
15	0.071211	0.056034	0.053722	0.026026	6.0087	9.4125	4.3584	8.1624
16	0.11437	0.073675	0.089699	0.036661	5.6741	8.6679	3.8908	7.1916
17	0.089813	0.064041	0.070523	0.030967	4.4437	9.5809	3.4638	6.3726
18	0.10654	0.071533	0.08146	0.032415	4.4934	8.9584	2.0504	3.8273
19	0.081577	0.060576	0.062008	0.026978	5.6517	9.1411	3.1626	5.8399
20	0.11827	0.074383	0.092744	0.037651	4.1134	10.571	3.0374	5.6562
21	0.081815	0.060164	0.060888	0.024742	3.7186	10.657	2.3229	4.2813
22	0.10042	0.069893	0.076991	0.031185	3.5216	8.5461	3.1011	5.7404
23	0.087947	0.06222	0.06571	0.025913	4.2482	7.6463	2.5438	4.6581
24	0.11365	0.074136	0.087098	0.033964	4.8992	9.0302	2.6585	4.9679
25	0.079458	0.060677	0.058005	0.022694	5.4888	8.9734	2.8006	5.1649
26	0.11068	0.07224	0.083827	0.031571	4.3246	8.6156	2.6576	4.9552
27	0.093987	0.063798	0.071125	0.027545	4.3235	9.5285	2.4682	4.5757
28	0.1065	0.070173	0.08093	0.030867	4.2077	9.4844	2.2212	4.1658
29	0.080117	0.05952	0.059477	0.023165	4.8055	9.7133	1.9639	3.6922
30	0.11306	0.071911	0.086594	0.033287	5.6342	8.6901	2.246	4.1711
31	0.087708	0.062455	0.065868	0.026836	8.3626	10.384	2.4318	4.5167
32	0.10281	0.069508	0.076569	0.029939	8.301	11.746	2.6628	4.9061
33	0.091552	0.063747	0.067475	0.027345	10.555	12.695	2.4215	4.5219
34	0.11958	0.075583	0.089078	0.035031	13.189	14.039	2.9119	5.4861
35	0.089539	0.063982	0.064293	0.026634	10.018	11.292	2.3814	4.4868
36	0.10787	0.071856	0.082104	0.033092	6.5166	8.6248	2.0657	3.7888
37	0.095507	0.064495	0.07265	0.030294	5.9952	8.4875	2.2365	4.1946
38	0.10872	0.072232	0.083669	0.034837	6.3751	9.3955	2.732	5.096
39	0.081701	0.062757	0.062149	0.027119	8.017	10.211	2.214	4.1573
40	0.11214	0.073325	0.086005	0.035352	7.5869	9.6803	2.2667	4.2518
41	0.094434	0.066307	0.071135	0.029358	6.8102	9.4153	2.1849	4.134
42	0.10582	0.072716	0.080474	0.033202	6.3135	9.4192	2.1506	4.0009
43	0.093139	0.066623	0.069394	0.029797	6.4192	9.7813	2.0978	3.9759
44	0.11801	0.075286	0.090592	0.037277	6.9701	10.325	2.1457	4.0676
45	0.089791	0.065718	0.067985	0.028408	6.8364	10.34	1.9067	3.6166
46	0.1047	0.072837	0.080733	0.034183	6.9701	10.376	2.2737	4.3322
47	0.094356	0.067784	0.073303	0.0322	7.0511	10.128	2.1014	4.0123
48	0.1122	0.077218	0.086373	0.036698	7.1436	10.607	1.8462	3.5303
49	0.086298	0.068342	0.066654	0.031106	6.7519	11.465	2.1872	4.194
50	0.11094	0.075553	0.086278	0.036305	5.0478	10.885	1.8488	3.5115
51	0.098757	0.071748	0.076856	0.033899	4.7182	11.565	1.863	3.5532
52	0.1083	0.078084	0.084796	0.036807	4.2588	11.714	1.7563	3.3359
53	0.09201	0.070534	0.069742	0.030649	4.3707	11.591	1.7937	3.4163
54	0.11495	0.080731	0.09105	0.039409	4.5698	12.545	2.0217	3.7872
55	0.095312	0.074921	0.073212	0.033706	5.1374	12.239	2.5367	4.7532
56	0.10657	0.078497	0.082048	0.036847	5.2011	12.499	2.7628	5.1109
57	0.097729	0.080013	0.080012	0.043851	4.8338	13.211	4.9931	9.2832
58	0.11644	0.085901	0.095889	0.049229	4.5238	13.19	5.9382	10.994
59	0.09492	0.076717	0.074284	0.038424	4.7361	13.371	5.4483	9.9677
60	0.11356	0.082481	0.089745	0.042579	5.4061	14.58	5.6233	10.28
61	0.10779	0.079615	0.081833	0.041029	7.3647	13.948	5.0017	9.156
62	0.11374	0.081389	0.090121	0.043167	7.833	13.262	4.3607	7.9478
63	0.096696	0.072843	0.07489	0.040033	7.8672	13.204	4.3076	7.8661
64	0.11992	0.082062	0.092859	0.043906	10.278	16.07	3.575	6.4875
65	0.10539	0.077427	0.081364	0.043228	13.156	18.112	3.9551	7.2549
66	0.11105	0.083212	0.089805	0.047387	11.469	16.29	3.6731	6.7469
67	0.10305	0.078034	0.08083	0.043062	9.0969	13.096	3.8886	7.1537
68	0.12293	0.085303	0.098138	0.048297	7.9735	13.05	3.2205	5.9295
69	0.10529	0.077941	0.078509	0.039811	9.905	13.849	3.1989	5.9425
70	0.12245	0.084312	0.088978	0.04136	11.343	14.541	3.0837	5.6975
71	0.1112	0.080135	0.081754	0.038231	10.436	15.127	3.2129	5.9147
