1	0.036114	0.07647	0.035461	0.036816	9.1324	6.2825	0.9654	1.3297
2	0.14194	0.21943	0.21894	0.22574	7.1794	8.8222	0.88241	0.90008
3	0.087777	0.14028	0.12301	0.12706	5.3836	7.6691	1.0255	1.3219
4	0.12616	0.1942	0.19149	0.19743	11.172	9.8296	1.6502	1.941
5	0.066434	0.10416	0.068454	0.07076	21.474	8.121	1.2433	1.4816
6	0.1345	0.20162	0.20137	0.20779	19.229	8.328	1.1993	1.4653
7	0.078403	0.13786	0.11731	0.12112	9.4516	8.1092	1.0709	1.3199
8	0.1057	0.17831	0.16299	0.16806	6.5684	13.732	1.0194	1.2195
9	0.079609	0.14303	0.11835	0.12225	5.6622	10.544	1.5007	1.8458
10	0.12835	0.20795	0.20368	0.21024	4.1255	11.66	1.5226	1.8797
11	0.074055	0.1376	0.1084	0.11198	5.1913	11.899	1.0989	1.3998
12	0.10625	0.17869	0.16363	0.16883	4.0285	9.6536	1.3553	1.7043
13	0.086053	0.15119	0.13129	0.13563	4.7187	11.569	1.7857	2.2157
14	0.11162	0.18701	0.17393	0.17955	3.9693	9.8657	1.953	2.4395
15	0.071211	0.13036	0.10339	0.10705	6.0087	8.2435	3.0715	3.768
16	0.11437	0.18989	0.1798	0.18572	5.6741	8.5237	3.1057	3.803
17	0.089813	0.15582	0.13954	0.14438	4.4437	9.0219	3.6724	4.5506
18	0.10654	0.17944	0.16594	0.17168	4.4934	10.138	6.0695	7.4443
19	0.081577	0.145	0.12401	0.12848	5.6517	10.04	5.002	6.143
20	0.11827	0.19321	0.18627	0.19238	4.1134	8.718	4.2094	5.1313
21	0.081815	0.14444	0.12366	0.12796	3.7186	10.653	5.215	6.3375
22	0.10042	0.17248	0.15736	0.16305	3.5216	17.952	9.6146	11.792
23	0.087947	0.15668	0.13962	0.14552	4.2482	26.9	21.22	26.028
24	0.11365	0.1899	0.18059	0.18726	4.8992	24.057	18.45	22.615
25	0.079458	0.14497	0.12054	0.12508	5.4888	24.008	19.972	24.429
26	0.11068	0.18457	0.17183	0.1775	4.3246	19.049	19.723	24.091
27	0.093987	0.16129	0.14397	0.14858	4.3235	16.779	16.281	19.904
28	0.1065	0.17933	0.16474	0.17009	4.2077	17.93	16.5	20.189
29	0.080117	0.14631	0.12334	0.12791	4.8055	15.449	14.689	17.94
30	0.11306	0.18606	0.17835	0.1846	5.6342	17.173	12.373	15.142
31	0.087708	0.15431	0.13813	0.14382	8.3626	16.804	13.415	16.337
32	0.10281	0.17291	0.16084	0.16718	8.301	15.379	11.173	13.637
33	0.091552	0.15962	0.14492	0.15151	10.555	17.221	12.012	14.674
34	0.11958	0.19298	0.19074	0.19902	13.189	14.509	11.065	13.535
35	0.089539	0.15356	0.1324	0.1376	10.018	14.385	6.0759	7.4577
36	0.10787	0.18797	0.17515	0.18283	6.5166	16.079	9.3318	11.396
37	0.095507	0.16809	0.15915	0.16715	5.9952	14.55	10.442	12.758
38	0.10872	0.19168	0.17633	0.18393	6.3751	15.615	8.3008	10.111
39	0.081701	0.15481	0.13664	0.14389	8.017	16.667	8.9843	10.971
40	0.11214	0.19099	0.17899	0.18618	7.5869	14.692	7.9502	9.6998
41	0.094434	0.16994	0.15384	0.16107	6.8102	15.341	7.2936	8.8852
42	0.10582	0.18124	0.16498	0.17117	6.3135	15.645	8.0248	9.8207
43	0.093139	0.16575	0.14915	0.1564	6.4192	14.601	6.555	8.0367
44	0.11801	0.19359	0.18761	0.19499	6.9701	14.832	7.2202	8.8125
45	0.089791	0.16509	0.14661	0.15362	6.8364	16.236	8.1222	9.9468
46	0.1047	0.18199	0.17167	0.17955	6.9701	16.227	6.7657	8.3004
47	0.094356	0.16508	0.14824	0.15396	7.0511	15.112	6.6702	8.1889
48	0.1122	0.18917	0.1832	0.19156	7.1436	15.018	6.8581	8.3942
49	0.086298	0.15642	0.13654	0.14262	6.7519	14.584	6.4835	7.9035
50	0.11094	0.19325	0.18011	0.18764	5.0478	14.301	6.4218	7.8216
51	0.098757	0.17566	0.1612	0.16848	4.7182	14.678	5.9897	7.3073
52	0.1083	0.18935	0.17346	0.18031	4.2588	14.757	6.6604	8.127
53	0.09201	0.16905	0.14469	0.15091	4.3707	14.928	6.5378	8.0049
54	0.11495	0.20225	0.18344	0.19018	4.5698	14.301	5.9331	7.2267
55	0.095312	0.17296	0.14489	0.15017	5.1374	13.08	5.7507	7.0012
56	0.10657	0.18155	0.16256	0.16835	5.2011	12.509	5.6174	6.8627
57	0.097729	0.17	0.14825	0.15377	4.8338	12.593	5.6214	6.9008
58	0.11644	0.19723	0.18146	0.18806	4.5238	12.339	6.1921	7.5711
59	0.09492	0.16638	0.14164	0.14704	4.7361	12.572	5.7378	7.0178
60	0.11356	0.19471	0.17788	0.18492	5.4061	12.62	5.5637	6.8333
61	0.10779	0.18165	0.16238	0.16911	7.3647	12.295	5.7445	7.0524
62	0.11374	0.19657	0.1789	0.18614	7.833	13.391	4.9503	6.0625
63	0.096696	0.16848	0.14487	0.15113	7.8672	13.008	5.0809	6.1998
64	0.11992	0.19484	0.18511	0.19258	10.278	13.174	5.4194	6.5708
65	0.10539	0.18017	0.15917	0.16633	13.156	16.182	5.2824	6.433
66	0.11105	0.19754	0.17518	0.18287	11.469	16.064	5.3863	6.5604
67	0.10305	0.17761	0.15646	0.16325	9.0969	14.188	5.3634	6.5343
68	0.12293	0.20666	0.19346	0.20144	7.9735	14.401	4.7111	5.765
69	0.10529	0.17443	0.15489	0.16159	9.905	15.033	4.9046	5.9758
70	0.12245	0.19865	0.1765	0.1833	11.343	15.559	4.8547	5.9272
71	0.1112	0.18536	0.16676	0.17413	10.436	14.369	4.7411	5.8259
